13 20 255 255 255
14 20 255 255 255
15 20 255 255 255
16 20 255 255 255
25 20 255 255 255
26 20 255 255 255
27 20 255 255 255
37 20 255 255 255
38 20 255 255 255
39 20 255 255 255
47 20 255 255 255
48 20 255 255 255
49 20 255 255 255
50 20 255 255 255
13 21 255 255 255
14 21 255 255 255
15 21 255 255 255
16 21 255 255 255
17 21 255 255 255
18 21 255 255 255
19 21 255 255 255
20 21 255 255 255
21 21 255 255 255
22 21 255 255 255
23 21 255 255 255
24 21 255 255 255
25 21 255 255 255
26 21 255 255 255
27 21 255 255 255
37 21 255 255 255
38 21 255 255 255
39 21 255 255 255
40 21 255 255 255
41 21 255 255 255
42 21 255 255 255
43 21 255 255 255
44 21 255 255 255
45 21 255 255 255
46 21 255 255 255
47 21 255 255 255
48 21 255 255 255
49 21 255 255 255
50 21 255 255 255
15 22 255 255 255
16 22 255 255 255
17 22 255 255 255
18 22 255 255 255
19 22 255 255 255
20 22 255 255 255
21 22 255 255 255
22 22 255 255 255
23 22 255 255 255
24 22 255 255 255
25 22 255 255 255
26 22 255 255 255
38 22 255 255 255
39 22 255 255 255
40 22 255 255 255
41 22 255 255 255
42 22 255 255 255
43 22 255 255 255
44 22 255 255 255
45 22 255 255 255
46 22 255 255 255
47 22 255 255 255
48 22 255 255 255
