19 18 255 255 255
20 18 255 255 255
21 18 255 255 255
22 18 255 255 255
31 18 255 255 255
32 18 255 255 255
33 18 255 255 255
43 18 255 255 255
44 18 255 255 255
45 18 255 255 255
53 18 255 255 255
54 18 255 255 255
55 18 255 255 255
56 18 255 255 255
19 19 255 255 255
20 19 255 255 255
21 19 255 255 255
22 19 255 255 255
23 19 255 255 255
24 19 255 255 255
25 19 255 255 255
26 19 255 255 255
27 19 255 255 255
28 19 255 255 255
29 19 255 255 255
30 19 255 255 255
31 19 255 255 255
32 19 255 255 255
33 19 255 255 255
43 19 255 255 255
44 19 255 255 255
45 19 255 255 255
46 19 255 255 255
47 19 255 255 255
48 19 255 255 255
49 19 255 255 255
50 19 255 255 255
51 19 255 255 255
52 19 255 255 255
53 19 255 255 255
54 19 255 255 255
55 19 255 255 255
56 19 255 255 255
21 20 255 255 255
22 20 255 255 255
23 20 255 255 255
24 20 255 255 255
25 20 255 255 255
26 20 255 255 255
27 20 255 255 255
28 20 255 255 255
29 20 255 255 255
30 20 255 255 255
31 20 255 255 255
32 20 255 255 255
44 20 255 255 255
45 20 255 255 255
46 20 255 255 255
47 20 255 255 255
48 20 255 255 255
49 20 255 255 255
50 20 255 255 255
51 20 255 255 255
52 20 255 255 255
53 20 255 255 255
54 20 255 255 255
