9 18 255 255 255
10 18 255 255 255
11 18 255 255 255
12 18 255 255 255
21 18 255 255 255
22 18 255 255 255
23 18 255 255 255
33 18 255 255 255
34 18 255 255 255
35 18 255 255 255
43 18 255 255 255
44 18 255 255 255
45 18 255 255 255
46 18 255 255 255
9 19 255 255 255
10 19 255 255 255
11 19 255 255 255
12 19 255 255 255
13 19 255 255 255
14 19 255 255 255
15 19 255 255 255
16 19 255 255 255
17 19 255 255 255
18 19 255 255 255
19 19 255 255 255
20 19 255 255 255
21 19 255 255 255
22 19 255 255 255
23 19 255 255 255
33 19 255 255 255
34 19 255 255 255
35 19 255 255 255
36 19 255 255 255
37 19 255 255 255
38 19 255 255 255
39 19 255 255 255
40 19 255 255 255
41 19 255 255 255
42 19 255 255 255
43 19 255 255 255
44 19 255 255 255
45 19 255 255 255
46 19 255 255 255
11 20 255 255 255
12 20 255 255 255
13 20 255 255 255
14 20 255 255 255
15 20 255 255 255
16 20 255 255 255
17 20 255 255 255
18 20 255 255 255
19 20 255 255 255
20 20 255 255 255
21 20 255 255 255
22 20 255 255 255
34 20 255 255 255
35 20 255 255 255
36 20 255 255 255
37 20 255 255 255
38 20 255 255 255
39 20 255 255 255
40 20 255 255 255
41 20 255 255 255
42 20 255 255 255
43 20 255 255 255
44 20 255 255 255
