23 6 255 255 255
24 6 255 255 255
39 6 255 255 255
40 6 255 255 255
22 7 255 255 255
23 7 255 255 255
24 7 255 255 255
25 7 255 255 255
39 7 255 255 255
40 7 255 255 255
21 8 255 255 255
22 8 255 255 255
23 8 255 255 255
24 8 255 255 255
25 8 255 255 255
26 8 255 255 255
40 8 255 255 255
41 8 255 255 255
21 9 255 255 255
22 9 255 255 255
23 9 255 255 255
24 9 255 255 255
25 9 255 255 255
26 9 255 255 255
40 9 255 255 255
41 9 255 255 255
22 10 255 255 255
23 10 255 255 255
24 10 255 255 255
25 10 255 255 255
41 10 255 255 255
42 10 255 255 255
23 11 255 255 255
24 11 255 255 255
41 11 255 255 255
42 11 255 255 255
41 12 255 255 255
42 12 255 255 255
42 13 255 255 255
43 13 255 255 255
29 14 255 255 255
30 14 255 255 255
31 14 255 255 255
32 14 255 255 255
33 14 255 255 255
34 14 255 255 255
42 14 255 255 255
43 14 255 255 255
29 15 255 255 255
30 15 255 255 255
31 15 255 255 255
32 15 255 255 255
33 15 255 255 255
34 15 255 255 255
42 15 255 255 255
43 15 255 255 255
42 16 255 255 255
43 16 255 255 255
41 17 255 255 255
42 17 255 255 255
23 18 255 255 255
24 18 255 255 255
41 18 255 255 255
42 18 255 255 255
22 19 255 255 255
23 19 255 255 255
24 19 255 255 255
25 19 255 255 255
41 19 255 255 255
42 19 255 255 255
21 20 255 255 255
22 20 255 255 255
23 20 255 255 255
24 20 255 255 255
25 20 255 255 255
26 20 255 255 255
40 20 255 255 255
41 20 255 255 255
21 21 255 255 255
22 21 255 255 255
23 21 255 255 255
24 21 255 255 255
25 21 255 255 255
26 21 255 255 255
40 21 255 255 255
41 21 255 255 255
22 22 255 255 255
23 22 255 255 255
24 22 255 255 255
25 22 255 255 255
39 22 255 255 255
40 22 255 255 255
23 23 255 255 255
24 23 255 255 255
39 23 255 255 255
40 23 255 255 255
