13 6 255 255 255
18 7 255 255 255
19 7 255 255 255
20 7 255 255 255
21 7 255 255 255
42 7 255 255 255
43 7 255 255 255
44 7 255 255 255
45 7 255 255 255
16 8 255 255 255
17 8 255 255 255
18 8 255 255 255
19 8 255 255 255
20 8 255 255 255
21 8 255 255 255
22 8 255 255 255
23 8 255 255 255
40 8 255 255 255
41 8 255 255 255
42 8 255 255 255
43 8 255 255 255
44 8 255 255 255
45 8 255 255 255
46 8 255 255 255
47 8 255 255 255
15 9 255 255 255
16 9 255 255 255
17 9 255 255 255
18 9 255 255 255
19 9 255 255 255
20 9 255 255 255
21 9 255 255 255
22 9 255 255 255
23 9 255 255 255
24 9 255 255 255
39 9 255 255 255
40 9 255 255 255
41 9 255 255 255
42 9 255 255 255
43 9 255 255 255
44 9 255 255 255
45 9 255 255 255
46 9 255 255 255
47 9 255 255 255
48 9 255 255 255
14 10 255 255 255
15 10 255 255 255
16 10 255 255 255
17 10 255 255 255
18 10 255 255 255
19 10 255 255 255
20 10 255 255 255
21 10 255 255 255
22 10 255 255 255
23 10 255 255 255
24 10 255 255 255
25 10 255 255 255
38 10 255 255 255
39 10 255 255 255
40 10 255 255 255
41 10 255 255 255
42 10 255 255 255
43 10 255 255 255
44 10 255 255 255
45 10 255 255 255
46 10 255 255 255
47 10 255 255 255
48 10 255 255 255
49 10 255 255 255
13 11 255 255 255
14 11 255 255 255
15 11 255 255 255
16 11 255 255 255
17 11 255 255 255
18 11 255 255 255
19 11 255 255 255
20 11 255 255 255
21 11 255 255 255
22 11 255 255 255
23 11 255 255 255
24 11 255 255 255
25 11 255 255 255
26 11 255 255 255
37 11 255 255 255
38 11 255 255 255
39 11 255 255 255
40 11 255 255 255
41 11 255 255 255
42 11 255 255 255
43 11 255 255 255
44 11 255 255 255
45 11 255 255 255
46 11 255 255 255
47 11 255 255 255
48 11 255 255 255
49 11 255 255 255
50 11 255 255 255
13 12 255 255 255
14 12 255 255 255
15 12 255 255 255
16 12 255 255 255
17 12 255 255 255
18 12 255 255 255
19 12 255 255 255
20 12 255 255 255
21 12 255 255 255
22 12 255 255 255
23 12 255 255 255
24 12 255 255 255
25 12 255 255 255
26 12 255 255 255
37 12 255 255 255
38 12 255 255 255
39 12 255 255 255
40 12 255 255 255
41 12 255 255 255
42 12 255 255 255
43 12 255 255 255
44 12 255 255 255
45 12 255 255 255
46 12 255 255 255
47 12 255 255 255
48 12 255 255 255
49 12 255 255 255
50 12 255 255 255
12 13 255 255 255
13 13 255 255 255
14 13 255 255 255
15 13 255 255 255
16 13 255 255 255
17 13 255 255 255
18 13 255 255 255
19 13 255 255 255
20 13 255 255 255
21 13 255 255 255
22 13 255 255 255
23 13 255 255 255
24 13 255 255 255
25 13 255 255 255
26 13 255 255 255
27 13 255 255 255
36 13 255 255 255
37 13 255 255 255
38 13 255 255 255
39 13 255 255 255
40 13 255 255 255
41 13 255 255 255
42 13 255 255 255
43 13 255 255 255
44 13 255 255 255
45 13 255 255 255
46 13 255 255 255
47 13 255 255 255
48 13 255 255 255
49 13 255 255 255
50 13 255 255 255
51 13 255 255 255
12 14 255 255 255
13 14 255 255 255
14 14 255 255 255
15 14 255 255 255
16 14 255 255 255
17 14 255 255 255
18 14 255 255 255
19 14 255 255 255
20 14 255 255 255
21 14 255 255 255
22 14 255 255 255
23 14 255 255 255
24 14 255 255 255
25 14 255 255 255
26 14 255 255 255
27 14 255 255 255
36 14 255 255 255
37 14 255 255 255
38 14 255 255 255
39 14 255 255 255
40 14 255 255 255
41 14 255 255 255
42 14 255 255 255
43 14 255 255 255
44 14 255 255 255
45 14 255 255 255
46 14 255 255 255
47 14 255 255 255
48 14 255 255 255
49 14 255 255 255
50 14 255 255 255
51 14 255 255 255
12 15 255 255 255
13 15 255 255 255
14 15 255 255 255
15 15 255 255 255
16 15 255 255 255
17 15 255 255 255
18 15 255 255 255
19 15 255 255 255
20 15 255 255 255
21 15 255 255 255
22 15 255 255 255
23 15 255 255 255
24 15 255 255 255
25 15 255 255 255
26 15 255 255 255
27 15 255 255 255
36 15 255 255 255
37 15 255 255 255
38 15 255 255 255
39 15 255 255 255
40 15 255 255 255
41 15 255 255 255
42 15 255 255 255
43 15 255 255 255
44 15 255 255 255
45 15 255 255 255
46 15 255 255 255
47 15 255 255 255
48 15 255 255 255
49 15 255 255 255
50 15 255 255 255
51 15 255 255 255
12 16 255 255 255
13 16 255 255 255
14 16 255 255 255
15 16 255 255 255
16 16 255 255 255
17 16 255 255 255
18 16 255 255 255
19 16 255 255 255
20 16 255 255 255
21 16 255 255 255
22 16 255 255 255
23 16 255 255 255
24 16 255 255 255
25 16 255 255 255
26 16 255 255 255
27 16 255 255 255
36 16 255 255 255
37 16 255 255 255
38 16 255 255 255
39 16 255 255 255
40 16 255 255 255
41 16 255 255 255
42 16 255 255 255
43 16 255 255 255
44 16 255 255 255
45 16 255 255 255
46 16 255 255 255
47 16 255 255 255
48 16 255 255 255
49 16 255 255 255
50 16 255 255 255
51 16 255 255 255
13 17 255 255 255
14 17 255 255 255
15 17 255 255 255
16 17 255 255 255
17 17 255 255 255
18 17 255 255 255
19 17 255 255 255
20 17 255 255 255
21 17 255 255 255
22 17 255 255 255
23 17 255 255 255
24 17 255 255 255
25 17 255 255 255
26 17 255 255 255
37 17 255 255 255
38 17 255 255 255
39 17 255 255 255
40 17 255 255 255
41 17 255 255 255
42 17 255 255 255
43 17 255 255 255
44 17 255 255 255
45 17 255 255 255
46 17 255 255 255
47 17 255 255 255
48 17 255 255 255
49 17 255 255 255
50 17 255 255 255
13 18 255 255 255
14 18 255 255 255
15 18 255 255 255
16 18 255 255 255
17 18 255 255 255
18 18 255 255 255
19 18 255 255 255
20 18 255 255 255
21 18 255 255 255
22 18 255 255 255
23 18 255 255 255
24 18 255 255 255
25 18 255 255 255
26 18 255 255 255
37 18 255 255 255
38 18 255 255 255
39 18 255 255 255
40 18 255 255 255
41 18 255 255 255
42 18 255 255 255
43 18 255 255 255
44 18 255 255 255
45 18 255 255 255
46 18 255 255 255
47 18 255 255 255
48 18 255 255 255
49 18 255 255 255
50 18 255 255 255
14 19 255 255 255
15 19 255 255 255
16 19 255 255 255
17 19 255 255 255
18 19 255 255 255
19 19 255 255 255
20 19 255 255 255
21 19 255 255 255
22 19 255 255 255
23 19 255 255 255
24 19 255 255 255
25 19 255 255 255
38 19 255 255 255
39 19 255 255 255
40 19 255 255 255
41 19 255 255 255
42 19 255 255 255
43 19 255 255 255
44 19 255 255 255
45 19 255 255 255
46 19 255 255 255
47 19 255 255 255
48 19 255 255 255
49 19 255 255 255
15 20 255 255 255
16 20 255 255 255
17 20 255 255 255
18 20 255 255 255
19 20 255 255 255
20 20 255 255 255
21 20 255 255 255
22 20 255 255 255
23 20 255 255 255
24 20 255 255 255
39 20 255 255 255
40 20 255 255 255
41 20 255 255 255
42 20 255 255 255
43 20 255 255 255
44 20 255 255 255
45 20 255 255 255
46 20 255 255 255
47 20 255 255 255
48 20 255 255 255
16 21 255 255 255
17 21 255 255 255
18 21 255 255 255
19 21 255 255 255
20 21 255 255 255
21 21 255 255 255
22 21 255 255 255
23 21 255 255 255
40 21 255 255 255
41 21 255 255 255
42 21 255 255 255
43 21 255 255 255
44 21 255 255 255
45 21 255 255 255
46 21 255 255 255
47 21 255 255 255
