17 4 255 255 255
11 5 255 255 255
12 5 255 255 255
13 5 255 255 255
46 5 255 255 255
10 6 255 255 255
11 6 255 255 255
12 6 255 255 255
49 6 255 255 255
50 6 255 255 255
9 7 255 255 255
10 7 255 255 255
51 7 255 255 255
52 7 255 255 255
9 8 255 255 255
52 8 255 255 255
53 9 255 255 255
19 10 255 255 255
20 10 255 255 255
21 10 255 255 255
22 10 255 255 255
23 10 255 255 255
40 10 255 255 255
41 10 255 255 255
42 10 255 255 255
43 10 255 255 255
44 10 255 255 255
53 10 255 255 255
18 11 255 255 255
19 11 255 255 255
20 11 255 255 255
21 11 255 255 255
22 11 255 255 255
23 11 255 255 255
24 11 255 255 255
39 11 255 255 255
40 11 255 255 255
41 11 255 255 255
42 11 255 255 255
43 11 255 255 255
44 11 255 255 255
45 11 255 255 255
17 12 255 255 255
18 12 255 255 255
19 12 255 255 255
20 12 255 255 255
21 12 255 255 255
22 12 255 255 255
23 12 255 255 255
24 12 255 255 255
25 12 255 255 255
38 12 255 255 255
39 12 255 255 255
40 12 255 255 255
41 12 255 255 255
42 12 255 255 255
43 12 255 255 255
44 12 255 255 255
45 12 255 255 255
46 12 255 255 255
16 13 255 255 255
17 13 255 255 255
18 13 255 255 255
19 13 255 255 255
20 13 255 255 255
21 13 255 255 255
22 13 255 255 255
23 13 255 255 255
24 13 255 255 255
25 13 255 255 255
26 13 255 255 255
37 13 255 255 255
38 13 255 255 255
39 13 255 255 255
40 13 255 255 255
41 13 255 255 255
42 13 255 255 255
43 13 255 255 255
44 13 255 255 255
45 13 255 255 255
46 13 255 255 255
47 13 255 255 255
16 14 255 255 255
17 14 255 255 255
18 14 255 255 255
21 14 255 255 255
22 14 255 255 255
23 14 255 255 255
24 14 255 255 255
25 14 255 255 255
26 14 255 255 255
37 14 255 255 255
38 14 255 255 255
39 14 255 255 255
40 14 255 255 255
41 14 255 255 255
46 14 255 255 255
47 14 255 255 255
16 15 255 255 255
17 15 255 255 255
23 15 255 255 255
24 15 255 255 255
25 15 255 255 255
26 15 255 255 255
37 15 255 255 255
38 15 255 255 255
39 15 255 255 255
47 15 255 255 255
16 16 255 255 255
26 16 255 255 255
37 16 255 255 255
16 17 255 255 255
26 17 255 255 255
37 17 255 255 255
