20 8 255 255 255
21 8 255 255 255
22 8 255 255 255
41 8 255 255 255
42 8 255 255 255
43 8 255 255 255
18 9 255 255 255
19 9 255 255 255
20 9 255 255 255
21 9 255 255 255
22 9 255 255 255
23 9 255 255 255
24 9 255 255 255
39 9 255 255 255
40 9 255 255 255
41 9 255 255 255
42 9 255 255 255
43 9 255 255 255
44 9 255 255 255
45 9 255 255 255
18 10 255 255 255
19 10 255 255 255
20 10 255 255 255
21 10 255 255 255
22 10 255 255 255
23 10 255 255 255
24 10 255 255 255
39 10 255 255 255
40 10 255 255 255
41 10 255 255 255
42 10 255 255 255
43 10 255 255 255
44 10 255 255 255
45 10 255 255 255
16 11 255 255 255
17 11 255 255 255
18 11 255 255 255
19 11 255 255 255
20 11 255 255 255
21 11 255 255 255
22 11 255 255 255
23 11 255 255 255
24 11 255 255 255
25 11 255 255 255
26 11 255 255 255
37 11 255 255 255
38 11 255 255 255
39 11 255 255 255
40 11 255 255 255
41 11 255 255 255
42 11 255 255 255
43 11 255 255 255
44 11 255 255 255
45 11 255 255 255
46 11 255 255 255
47 11 255 255 255
16 12 255 255 255
17 12 255 255 255
18 12 255 255 255
19 12 255 255 255
20 12 255 255 255
21 12 255 255 255
22 12 255 255 255
23 12 255 255 255
24 12 255 255 255
25 12 255 255 255
26 12 255 255 255
37 12 255 255 255
38 12 255 255 255
39 12 255 255 255
40 12 255 255 255
41 12 255 255 255
42 12 255 255 255
43 12 255 255 255
44 12 255 255 255
45 12 255 255 255
46 12 255 255 255
47 12 255 255 255
16 13 255 255 255
17 13 255 255 255
18 13 255 255 255
19 13 255 255 255
20 13 255 255 255
21 13 255 255 255
22 13 255 255 255
23 13 255 255 255
24 13 255 255 255
25 13 255 255 255
26 13 255 255 255
37 13 255 255 255
38 13 255 255 255
39 13 255 255 255
40 13 255 255 255
41 13 255 255 255
42 13 255 255 255
43 13 255 255 255
44 13 255 255 255
45 13 255 255 255
46 13 255 255 255
47 13 255 255 255
16 14 255 255 255
17 14 255 255 255
18 14 255 255 255
19 14 255 255 255
20 14 255 255 255
21 14 255 255 255
22 14 255 255 255
23 14 255 255 255
24 14 255 255 255
25 14 255 255 255
26 14 255 255 255
37 14 255 255 255
38 14 255 255 255
39 14 255 255 255
40 14 255 255 255
41 14 255 255 255
42 14 255 255 255
43 14 255 255 255
44 14 255 255 255
45 14 255 255 255
46 14 255 255 255
47 14 255 255 255
16 15 255 255 255
17 15 255 255 255
18 15 255 255 255
19 15 255 255 255
20 15 255 255 255
21 15 255 255 255
22 15 255 255 255
23 15 255 255 255
24 15 255 255 255
25 15 255 255 255
26 15 255 255 255
37 15 255 255 255
38 15 255 255 255
39 15 255 255 255
40 15 255 255 255
41 15 255 255 255
42 15 255 255 255
43 15 255 255 255
44 15 255 255 255
45 15 255 255 255
46 15 255 255 255
47 15 255 255 255
16 16 255 255 255
17 16 255 255 255
18 16 255 255 255
19 16 255 255 255
20 16 255 255 255
21 16 255 255 255
22 16 255 255 255
23 16 255 255 255
24 16 255 255 255
25 16 255 255 255
26 16 255 255 255
37 16 255 255 255
38 16 255 255 255
39 16 255 255 255
40 16 255 255 255
41 16 255 255 255
42 16 255 255 255
43 16 255 255 255
44 16 255 255 255
45 16 255 255 255
46 16 255 255 255
47 16 255 255 255
16 17 255 255 255
17 17 255 255 255
18 17 255 255 255
19 17 255 255 255
20 17 255 255 255
21 17 255 255 255
22 17 255 255 255
23 17 255 255 255
24 17 255 255 255
25 17 255 255 255
26 17 255 255 255
37 17 255 255 255
38 17 255 255 255
39 17 255 255 255
40 17 255 255 255
41 17 255 255 255
42 17 255 255 255
43 17 255 255 255
44 17 255 255 255
45 17 255 255 255
46 17 255 255 255
47 17 255 255 255
16 18 255 255 255
17 18 255 255 255
18 18 255 255 255
19 18 255 255 255
20 18 255 255 255
21 18 255 255 255
22 18 255 255 255
23 18 255 255 255
24 18 255 255 255
25 18 255 255 255
26 18 255 255 255
37 18 255 255 255
38 18 255 255 255
39 18 255 255 255
40 18 255 255 255
41 18 255 255 255
42 18 255 255 255
43 18 255 255 255
44 18 255 255 255
45 18 255 255 255
46 18 255 255 255
47 18 255 255 255
16 19 255 255 255
17 19 255 255 255
18 19 255 255 255
19 19 255 255 255
20 19 255 255 255
21 19 255 255 255
22 19 255 255 255
23 19 255 255 255
24 19 255 255 255
25 19 255 255 255
26 19 255 255 255
37 19 255 255 255
38 19 255 255 255
39 19 255 255 255
40 19 255 255 255
41 19 255 255 255
42 19 255 255 255
43 19 255 255 255
44 19 255 255 255
45 19 255 255 255
46 19 255 255 255
47 19 255 255 255
16 20 255 255 255
17 20 255 255 255
18 20 255 255 255
19 20 255 255 255
20 20 255 255 255
21 20 255 255 255
22 20 255 255 255
23 20 255 255 255
24 20 255 255 255
25 20 255 255 255
26 20 255 255 255
37 20 255 255 255
38 20 255 255 255
39 20 255 255 255
40 20 255 255 255
41 20 255 255 255
42 20 255 255 255
43 20 255 255 255
44 20 255 255 255
45 20 255 255 255
46 20 255 255 255
47 20 255 255 255
18 21 255 255 255
19 21 255 255 255
20 21 255 255 255
21 21 255 255 255
22 21 255 255 255
23 21 255 255 255
24 21 255 255 255
39 21 255 255 255
40 21 255 255 255
41 21 255 255 255
42 21 255 255 255
43 21 255 255 255
44 21 255 255 255
45 21 255 255 255
18 22 255 255 255
19 22 255 255 255
20 22 255 255 255
21 22 255 255 255
22 22 255 255 255
23 22 255 255 255
24 22 255 255 255
39 22 255 255 255
40 22 255 255 255
41 22 255 255 255
42 22 255 255 255
43 22 255 255 255
44 22 255 255 255
45 22 255 255 255
20 23 255 255 255
21 23 255 255 255
22 23 255 255 255
41 23 255 255 255
42 23 255 255 255
43 23 255 255 255
