42 3 255 255 255
43 3 255 255 255
44 3 255 255 255
45 3 255 255 255
46 3 255 255 255
47 3 255 255 255
41 4 255 255 255
42 4 255 255 255
43 4 255 255 255
47 4 255 255 255
48 4 255 255 255
40 5 255 255 255
48 5 255 255 255
49 5 255 255 255
27 8 255 255 255
51 8 255 255 255
27 9 255 255 255
26 10 255 255 255
23 11 255 255 255
24 11 255 255 255
25 11 255 255 255
41 11 255 255 255
42 11 255 255 255
43 11 255 255 255
14 12 255 255 255
20 12 255 255 255
21 12 255 255 255
22 12 255 255 255
23 12 255 255 255
24 12 255 255 255
39 12 255 255 255
40 12 255 255 255
41 12 255 255 255
42 12 255 255 255
43 12 255 255 255
44 12 255 255 255
45 12 255 255 255
15 13 255 255 255
16 13 255 255 255
17 13 255 255 255
18 13 255 255 255
19 13 255 255 255
20 13 255 255 255
21 13 255 255 255
22 13 255 255 255
23 13 255 255 255
24 13 255 255 255
39 13 255 255 255
40 13 255 255 255
41 13 255 255 255
42 13 255 255 255
43 13 255 255 255
44 13 255 255 255
45 13 255 255 255
16 14 255 255 255
17 14 255 255 255
18 14 255 255 255
19 14 255 255 255
20 14 255 255 255
21 14 255 255 255
22 14 255 255 255
23 14 255 255 255
24 14 255 255 255
25 14 255 255 255
37 14 255 255 255
38 14 255 255 255
39 14 255 255 255
40 14 255 255 255
41 14 255 255 255
42 14 255 255 255
43 14 255 255 255
44 14 255 255 255
45 14 255 255 255
46 14 255 255 255
47 14 255 255 255
16 15 255 255 255
17 15 255 255 255
18 15 255 255 255
19 15 255 255 255
20 15 255 255 255
21 15 255 255 255
22 15 255 255 255
23 15 255 255 255
24 15 255 255 255
25 15 255 255 255
26 15 255 255 255
37 15 255 255 255
38 15 255 255 255
39 15 255 255 255
40 15 255 255 255
41 15 255 255 255
42 15 255 255 255
43 15 255 255 255
44 15 255 255 255
45 15 255 255 255
46 15 255 255 255
47 15 255 255 255
16 16 255 255 255
17 16 255 255 255
18 16 255 255 255
19 16 255 255 255
20 16 255 255 255
21 16 255 255 255
22 16 255 255 255
23 16 255 255 255
24 16 255 255 255
25 16 255 255 255
26 16 255 255 255
37 16 255 255 255
38 16 255 255 255
39 16 255 255 255
40 16 255 255 255
41 16 255 255 255
42 16 255 255 255
43 16 255 255 255
44 16 255 255 255
45 16 255 255 255
46 16 255 255 255
47 16 255 255 255
16 17 255 255 255
17 17 255 255 255
18 17 255 255 255
19 17 255 255 255
20 17 255 255 255
21 17 255 255 255
22 17 255 255 255
23 17 255 255 255
24 17 255 255 255
25 17 255 255 255
26 17 255 255 255
37 17 255 255 255
38 17 255 255 255
39 17 255 255 255
40 17 255 255 255
41 17 255 255 255
42 17 255 255 255
43 17 255 255 255
44 17 255 255 255
45 17 255 255 255
46 17 255 255 255
47 17 255 255 255
16 18 255 255 255
17 18 255 255 255
18 18 255 255 255
19 18 255 255 255
20 18 255 255 255
21 18 255 255 255
22 18 255 255 255
23 18 255 255 255
24 18 255 255 255
25 18 255 255 255
26 18 255 255 255
37 18 255 255 255
38 18 255 255 255
39 18 255 255 255
40 18 255 255 255
41 18 255 255 255
42 18 255 255 255
43 18 255 255 255
44 18 255 255 255
45 18 255 255 255
46 18 255 255 255
47 18 255 255 255
16 19 255 255 255
17 19 255 255 255
18 19 255 255 255
19 19 255 255 255
20 19 255 255 255
21 19 255 255 255
22 19 255 255 255
23 19 255 255 255
24 19 255 255 255
25 19 255 255 255
26 19 255 255 255
37 19 255 255 255
38 19 255 255 255
39 19 255 255 255
40 19 255 255 255
41 19 255 255 255
42 19 255 255 255
43 19 255 255 255
44 19 255 255 255
45 19 255 255 255
46 19 255 255 255
47 19 255 255 255
18 20 255 255 255
19 20 255 255 255
20 20 255 255 255
21 20 255 255 255
22 20 255 255 255
23 20 255 255 255
24 20 255 255 255
39 20 255 255 255
40 20 255 255 255
41 20 255 255 255
42 20 255 255 255
43 20 255 255 255
44 20 255 255 255
45 20 255 255 255
20 21 255 255 255
21 21 255 255 255
22 21 255 255 255
41 21 255 255 255
42 21 255 255 255
43 21 255 255 255
