26 5 255 255 255
27 5 255 255 255
35 5 255 255 255
36 5 255 255 255
25 6 255 255 255
26 6 255 255 255
27 6 255 255 255
36 6 255 255 255
37 6 255 255 255
23 7 255 255 255
24 7 255 255 255
25 7 255 255 255
26 7 255 255 255
36 7 255 255 255
37 7 255 255 255
38 7 255 255 255
39 7 255 255 255
19 8 255 255 255
22 8 255 255 255
23 8 255 255 255
24 8 255 255 255
38 8 255 255 255
39 8 255 255 255
40 8 255 255 255
41 8 255 255 255
40 9 255 255 255
41 9 255 255 255
42 9 255 255 255
43 9 255 255 255
46 9 255 255 255
16 14 255 255 255
17 14 255 255 255
37 14 255 255 255
16 15 255 255 255
17 15 255 255 255
26 15 255 255 255
37 15 255 255 255
47 15 255 255 255
16 16 255 255 255
17 16 255 255 255
18 16 255 255 255
25 16 255 255 255
26 16 255 255 255
37 16 255 255 255
38 16 255 255 255
45 16 255 255 255
46 16 255 255 255
47 16 255 255 255
16 17 255 255 255
17 17 255 255 255
18 17 255 255 255
19 17 255 255 255
24 17 255 255 255
25 17 255 255 255
26 17 255 255 255
37 17 255 255 255
38 17 255 255 255
39 17 255 255 255
44 17 255 255 255
45 17 255 255 255
46 17 255 255 255
47 17 255 255 255
16 18 255 255 255
17 18 255 255 255
18 18 255 255 255
19 18 255 255 255
20 18 255 255 255
21 18 255 255 255
22 18 255 255 255
23 18 255 255 255
24 18 255 255 255
25 18 255 255 255
26 18 255 255 255
37 18 255 255 255
38 18 255 255 255
39 18 255 255 255
40 18 255 255 255
41 18 255 255 255
42 18 255 255 255
43 18 255 255 255
44 18 255 255 255
45 18 255 255 255
46 18 255 255 255
47 18 255 255 255
16 19 255 255 255
17 19 255 255 255
18 19 255 255 255
19 19 255 255 255
20 19 255 255 255
21 19 255 255 255
22 19 255 255 255
23 19 255 255 255
24 19 255 255 255
25 19 255 255 255
26 19 255 255 255
37 19 255 255 255
38 19 255 255 255
39 19 255 255 255
40 19 255 255 255
41 19 255 255 255
42 19 255 255 255
43 19 255 255 255
44 19 255 255 255
45 19 255 255 255
46 19 255 255 255
47 19 255 255 255
16 20 255 255 255
17 20 255 255 255
18 20 255 255 255
19 20 255 255 255
20 20 255 255 255
21 20 255 255 255
22 20 255 255 255
23 20 255 255 255
24 20 255 255 255
25 20 255 255 255
26 20 255 255 255
37 20 255 255 255
38 20 255 255 255
39 20 255 255 255
40 20 255 255 255
41 20 255 255 255
42 20 255 255 255
43 20 255 255 255
44 20 255 255 255
45 20 255 255 255
46 20 255 255 255
47 20 255 255 255
16 21 255 255 255
17 21 255 255 255
18 21 255 255 255
19 21 255 255 255
20 21 255 255 255
21 21 255 255 255
22 21 255 255 255
23 21 255 255 255
24 21 255 255 255
25 21 255 255 255
26 21 255 255 255
37 21 255 255 255
38 21 255 255 255
39 21 255 255 255
40 21 255 255 255
41 21 255 255 255
42 21 255 255 255
43 21 255 255 255
44 21 255 255 255
45 21 255 255 255
46 21 255 255 255
47 21 255 255 255
18 22 255 255 255
19 22 255 255 255
20 22 255 255 255
21 22 255 255 255
22 22 255 255 255
23 22 255 255 255
24 22 255 255 255
39 22 255 255 255
40 22 255 255 255
41 22 255 255 255
42 22 255 255 255
43 22 255 255 255
44 22 255 255 255
45 22 255 255 255
47 22 39 137 205
18 23 255 255 255
19 23 255 255 255
20 23 255 255 255
21 23 255 255 255
22 23 255 255 255
23 23 255 255 255
24 23 255 255 255
39 23 255 255 255
40 23 255 255 255
41 23 255 255 255
42 23 255 255 255
43 23 255 255 255
44 23 255 255 255
45 23 255 255 255
20 24 255 255 255
21 24 255 255 255
22 24 255 255 255
41 24 255 255 255
42 24 255 255 255
43 24 255 255 255
