36 6 255 255 255
37 6 255 255 255
25 7 255 255 255
26 7 255 255 255
37 7 255 255 255
38 7 255 255 255
24 8 255 255 255
25 8 255 255 255
26 8 255 255 255
37 8 255 255 255
38 8 255 255 255
39 8 255 255 255
40 8 255 255 255
22 9 255 255 255
23 9 255 255 255
24 9 255 255 255
25 9 255 255 255
39 9 255 255 255
40 9 255 255 255
41 9 255 255 255
42 9 255 255 255
18 10 255 255 255
21 10 255 255 255
22 10 255 255 255
23 10 255 255 255
41 10 255 255 255
42 10 255 255 255
43 10 255 255 255
44 10 255 255 255
47 10 255 255 255
37 16 255 255 255
26 17 255 255 255
37 17 255 255 255
26 18 255 255 255
37 18 255 255 255
38 18 255 255 255
25 19 255 255 255
26 19 255 255 255
37 19 255 255 255
38 19 255 255 255
39 19 255 255 255
16 20 255 255 255
24 20 255 255 255
25 20 255 255 255
26 20 255 255 255
37 20 255 255 255
38 20 255 255 255
39 20 255 255 255
40 20 255 255 255
47 20 255 255 255
16 21 255 255 255
17 21 255 255 255
23 21 255 255 255
24 21 255 255 255
25 21 255 255 255
26 21 255 255 255
37 21 255 255 255
38 21 255 255 255
39 21 255 255 255
40 21 255 255 255
41 21 255 255 255
42 21 255 255 255
43 21 255 255 255
44 21 255 255 255
45 21 255 255 255
46 21 255 255 255
47 21 255 255 255
16 22 255 255 255
17 22 255 255 255
18 22 255 255 255
19 22 255 255 255
20 22 255 255 255
21 22 255 255 255
22 22 255 255 255
23 22 255 255 255
24 22 255 255 255
25 22 255 255 255
26 22 255 255 255
37 22 255 255 255
38 22 255 255 255
39 22 255 255 255
40 22 255 255 255
41 22 255 255 255
42 22 255 255 255
43 22 255 255 255
44 22 255 255 255
45 22 255 255 255
46 22 255 255 255
47 22 255 255 255
18 23 255 255 255
19 23 255 255 255
20 23 255 255 255
21 23 255 255 255
22 23 255 255 255
23 23 255 255 255
24 23 255 255 255
39 23 255 255 255
40 23 255 255 255
41 23 255 255 255
42 23 255 255 255
43 23 255 255 255
44 23 255 255 255
45 23 255 255 255
18 24 255 255 255
19 24 255 255 255
20 24 255 255 255
21 24 255 255 255
22 24 255 255 255
23 24 255 255 255
24 24 255 255 255
39 24 255 255 255
40 24 255 255 255
41 24 255 255 255
42 24 255 255 255
43 24 255 255 255
44 24 255 255 255
45 24 255 255 255
20 25 255 255 255
21 25 255 255 255
22 25 255 255 255
41 25 255 255 255
42 25 255 255 255
43 25 255 255 255
48 27 39 137 205
48 28 39 137 205
49 28 39 137 205
48 29 39 137 205
49 29 39 137 205
47 30 39 137 205
48 30 39 137 205
49 30 39 137 205
50 30 39 137 205
47 31 39 137 205
48 31 39 137 205
49 31 39 137 205
50 31 39 137 205
